Value (row, column):
  0.59049   0.65610   0.72900   1.00000   0.00000
  0.65610   0.72900   0.81000   0.90000   1.00000
  0.59049      WALL      WALL   0.81000   0.90000
  0.53144   0.59049   0.65610   0.72900   0.81000
  0.47830   0.53144   0.59049   0.65610  -0.00191

Policy (most probable actions):
  →      →      ↓      →     GOAL 
  →      →      →      →      ↑   
  ↑     WALL   WALL    →      ↑   
  →      →      →      ↑      ↑   
  ↑      ↑      ↑      ↑      →   

Policy probabilities (UP, DOWN, LEFT, RIGHT):
(0, 0): [0, 0, 0, 1.0]
(0, 1): [0, 0, 0, 1.0]
(0, 2): [0, 1.0, 0, 0]
(0, 3): [0, 0, 0, 1.0]
(1, 0): [0, 0, 0, 1.0]
(1, 1): [0, 0, 0, 1.0]
(1, 2): [0, 0, 0, 1.0]
(1, 3): [0, 0, 0, 1.0]
(1, 4): [1.0, 0, 0, 0]
(2, 0): [1.0, 0, 0, 0]
(2, 3): [0, 0, 0, 1.0]
(2, 4): [1.0, 0, 0, 0]
(3, 0): [0, 0, 0, 1.0]
(3, 1): [0, 0, 0, 1.0]
(3, 2): [0, 0, 0, 1.0]
(3, 3): [1.0, 0, 0, 0]
(3, 4): [1.0, 0, 0, 0]
(4, 0): [1.0, 0, 0, 0]
(4, 1): [1.0, 0, 0, 0]
(4, 2): [1.0, 0, 0, 0]
(4, 3): [1.0, 0, 0, 0]
(4, 4): [0, 0, 0, 1.0]
