Value (row, column):
 -0.21197  -0.33599  -0.66263  -0.37700   0.00000
 -0.18517  -0.28440  -0.45952  -0.63657  -0.13616
 -0.14369      WALL      WALL  -0.74618  -0.94420
 -0.16872  -0.26669  -0.49468  -0.99085  -1.25973
 -0.17333  -0.25748  -0.44827  -0.79314  -1.29392

Policy (most probable actions):
 ↑↓←→   ↑↓←→   ↑↓←→   ↑↓←→   GOAL 
 ↑↓←→   ↑↓←→   ↑↓←→   ↑↓←→   ↑↓←→ 
 ↑↓←→   WALL   WALL   ↑↓←→   ↑↓←→ 
 ↑↓←→   ↑↓←→   ↑↓←→   ↑↓←→   ↑↓←→ 
 ↑↓←→   ↑↓←→   ↑↓←→   ↑↓←→   ↑↓←→ 

Policy probabilities (UP, DOWN, LEFT, RIGHT):
(0, 0): [0.25, 0.25, 0.25, 0.25]
(0, 1): [0.25, 0.25, 0.25, 0.25]
(0, 2): [0.25, 0.25, 0.25, 0.25]
(0, 3): [0.25, 0.25, 0.25, 0.25]
(1, 0): [0.25, 0.25, 0.25, 0.25]
(1, 1): [0.25, 0.25, 0.25, 0.25]
(1, 2): [0.25, 0.25, 0.25, 0.25]
(1, 3): [0.25, 0.25, 0.25, 0.25]
(1, 4): [0.25, 0.25, 0.25, 0.25]
(2, 0): [0.25, 0.25, 0.25, 0.25]
(2, 3): [0.25, 0.25, 0.25, 0.25]
(2, 4): [0.25, 0.25, 0.25, 0.25]
(3, 0): [0.25, 0.25, 0.25, 0.25]
(3, 1): [0.25, 0.25, 0.25, 0.25]
(3, 2): [0.25, 0.25, 0.25, 0.25]
(3, 3): [0.25, 0.25, 0.25, 0.25]
(3, 4): [0.25, 0.25, 0.25, 0.25]
(4, 0): [0.25, 0.25, 0.25, 0.25]
(4, 1): [0.25, 0.25, 0.25, 0.25]
(4, 2): [0.25, 0.25, 0.25, 0.25]
(4, 3): [0.25, 0.25, 0.25, 0.25]
(4, 4): [0.25, 0.25, 0.25, 0.25]
